8 8 7.9762072
9 8 7.7507291
10 8 7.7670981
11 8 7.5664952
12 8 7.5685707
13 8 7.3893747
14 8 7.3648722
15 8 7.1634856
16 8 7.0396855
17 8 6.7278058
18 8 6.497479
5 9 5.2852091
6 9 6.4974597
7 9 6.964049
8 9 7.5423284
9 9 7.6316383
10 9 7.7790192
11 9 7.7201351
12 9 7.7382934
13 9 7.6242954
14 9 7.6223447
15 9 7.4635831
16 9 7.3363065
17 9 7.0822497
18 9 6.8796662
19 9 6.6268567
20 9 6.4440314
5 10 4.8687285
6 10 6.0831777
7 10 6.6404991
8 10 7.3412577
9 10 7.5673431
10 10 8.0322412
11 10 7.9717136
12 10 8.0804656
13 10 7.9552561
14 10 7.9933252
15 10 7.8397994
16 10 7.751911
17 10 7.5204151
18 10 7.3883463
19 10 7.1670673
20 10 7.0345317
21 10 6.8130902
6 11 5.5227653
7 11 6.2022176
8 11 6.9378864
9 11 7.2985028
10 11 7.7655581
11 11 7.9156624
12 11 8.1114936
13 11 8.0634882
14 11 8.1013979
15 11 8.0042013
16 11 7.9569467
17 11 7.7992644
18 11 7.6821522
19 11 7.5019685
20 11 7.3986778
21 11 7.2198815
22 11 7.0899262
23 11 6.8864377
7 12 5.9014992
8 12 6.7280252
9 12 7.1050317
10 12 7.6627645
11 12 7.9011229
12 12 8.2607103
13 12 8.2235028
14 12 8.3338711
15 12 8.2638525
16 12 8.2724531
17 12 8.1135317
18 12 8.054425
19 12 7.8691886
20 12 7.8038411
21 12 7.6364382
22 12 7.5503919
23 12 7.3562338
24 12 7.2444202
25 12 7.0551115
10 13 7.3357275
11 13 7.6495806
12 13 8.0211366
13 13 8.1497653
14 13 8.3315533
15 13 8.3098969
16 13 8.3484647
17 13 8.2611049
18 13 8.225518
19 13 8.1003449
20 13 8.0206172
21 13 7.8603506
22 13 7.7871243
23 13 7.6235154
24 13 7.531316
10 14 7.1672329
11 14 7.4801109
12 14 7.9247083
13 14 8.124342
14 14 8.4477445
15 14 8.4486361
16 14 8.5206549
17 14 8.4582916
18 14 8.481469
19 14 8.3610596
20 14 8.3371659
21 14 8.1695644
22 14 8.1125199
23 14 7.9529033
24 14 7.8928297
25 14 7.7309793
26 14 7.6558247
12 15 7.6610894
13 15 7.9074842
14 15 8.2512368
15 15 8.3535064
16 15 8.4811677
17 15 8.4641203
18 15 8.5138073
19 15 8.4481856
20 15 8.4462496
21 15 8.3078692
22 15 8.2675561
23 15 8.1472749
24 15 8.0979701
25 15 7.9814177
26 15 7.9065513
27 15 7.7659122
12 16 7.4787911
13 16 7.7463826
14 16 8.1227081
15 16 8.2818013
16 16 8.4931301
17 16 8.4976304
18 16 8.5834986
19 16 8.5378511
20 16 8.57539
21 16 8.4599363
22 16 8.4487829
23 16 8.3442698
24 16 8.3293255
25 16 8.2296358
26 16 8.1932275
27 16 8.0638276
28 16 7.9960154
13 17 7.4721698
14 17 7.8692101
15 17 8.0724058
16 17 8.3047557
17 17 8.3989706
18 17 8.520279
19 17 8.5219322
20 17 8.5702816
21 17 8.5054817
22 17 8.4944032
23 17 8.427766
24 17 8.4129593
25 17 8.3458864
26 17 8.3238672
27 17 8.2344788
28 17 8.1815991
29 17 8.0807757
14 18 7.7000089
15 18 7.9289559
16 18 8.1976724
17 18 8.3274621
18 18 8.5199096
19 18 8.5271406
20 18 8.6142807
21 18 8.5625988
22 18 8.5952594
23 18 8.5343733
24 18 8.5556141
25 18 8.4882382
26 18 8.4938411
27 18 8.4199526
28 18 8.4123835
29 18 8.311425
30 18 8.2436656
16 19 7.9658409
17 19 8.1422233
18 19 8.339848
19 19 8.4380593
20 19 8.5570258
21 19 8.5380907
22 19 8.5760731
23 19 8.5512571
24 19 8.5762204
25 19 8.5467023
26 19 8.5546747
27 19 8.5180428
28 19 8.5148795
29 19 8.4342324
30 19 8.3722753
31 19 8.2885833
32 19 8.221335
33 19 8.1150303
34 19 8.0228488
16 20 7.8158799
17 20 8.0034567
18 20 8.2400434
19 20 8.3696711
20 20 8.5513046
21 20 8.5467075
22 20 8.6165646
23 20 8.6006653
24 20 8.6581769
25 20 8.6305467
26 20 8.6689848
27 20 8.6393548
28 20 8.6666916
29 20 8.59485
30 20 8.5501639
31 20 8.4769135
32 20 8.4293821
33 20 8.3305778
34 20 8.2474967
35 20 8.125926
36 20 8.0331654
18 21 8.0134575
19 21 8.1736697
20 21 8.3691979
21 21 8.4449303
22 21 8.5308265
23 21 8.5573805
24 21 8.618941
25 21 8.6220215
26 21 8.6650958
27 21 8.6562097
28 21 8.6862805
29 21 8.6334747
30 21 8.5972213
31 21 8.5346695
32 21 8.4928325
33 21 8.4048115
34 21 8.3333694
35 21 8.2335781
36 21 8.1581666
37 21 8.0549436
38 21 7.9764073
18 22 7.8658632
19 22 8.0343889
20 22 8.25924
21 22 8.3528054
22 22 8.5335215
23 22 8.5557321
24 22 8.6564623
25 22 8.6612325
26 22 8.7230122
27 22 8.7111625
28 22 8.7557227
29 22 8.7089912
30 22 8.6918193
31 22 8.6311256
32 22 8.5996917
33 22 8.5189696
34 22 8.4679495
35 22 8.3729008
36 22 8.307629
38 22 8.1527858
20 23 8.0695129
21 23 8.2034567
22 23 8.3800394
23 23 8.4861423
24 23 8.5822348
25 23 8.6230686
26 23 8.6829135
27 23 8.6959032
28 23 8.7420852
29 23 8.714569
30 23 8.7101425
31 23 8.6621382
32 23 8.6373391
33 23 8.5747006
34 23 8.5351967
35 23 8.458156
36 23 8.4038034
37 23 8.3228751
38 23 8.2710417
39 23 8.1877565
40 23 8.1307809
20 24 7.9496265
21 24 8.0877286
22 24 8.3038233
23 24 8.4072067
24 24 8.5722553
25 24 8.6132777
26 24 8.7010188
27 24 8.7119923
28 24 8.7759946
29 24 8.7602103
30 24 8.7779672
31 24 8.7319362
32 24 8.7232609
33 24 8.6633998
34 24 8.6439987
35 24 8.5685995
36 24 8.5401876
37 24 8.4601734
38 24 8.4273871
39 24 8.3475398
40 24 8.3035626
21 25 7.9160805
22 25 8.1353117
23 25 8.2741924
24 25 8.439915
25 25 8.5326823
26 25 8.6337602
27 25 8.6704087
28 25 8.7341798
29 25 8.7379768
30 25 8.7650247
31 25 8.7383358
32 25 8.7367146
33 25 8.6966438
34 25 8.6809224
35 25 8.6281392
36 25 8.5989157
37 25 8.5385002
38 25 8.505102
39 25 8.4374175
40 25 8.4006822
41 25 8.3317986
22 26 8.0227254
23 26 8.1613121
24 26 8.3540268
25 26 8.4604977
26 26 8.6096079
27 26 8.6487985
28 26 8.7363846
29 26 8.7465981
30 26 8.7903563
31 26 8.7702829
32 26 8.7922534
33 26 8.7547746
34 26 8.7558539
35 26 8.7037686
36 26 8.6928831
37 26 8.6315499
38 26 8.6123888
39 26 8.546347
40 26 8.5217245
41 26 8.4499359
23 27 8.0006387
24 27 8.1932549
25 27 8.3255606
26 27 8.4776578
27 27 8.5692199
28 27 8.6696204
29 27 8.6948386
30 27 8.7418845
31 27 8.7389719
32 27 8.7680379
33 27 8.7467692
34 27 8.756151
35 27 8.7213347
36 27 8.7177972
37 27 8.6755223
38 27 8.6568848
39 27 8.6059419
40 27 8.5817422
41 27 8.5201301
42 27 8.4954062
43 27 8.434198
44 27 8.3987344
24 28 8.0838977
25 28 8.2170749
26 28 8.3930328
27 28 8.4973225
28 28 8.6427811
29 28 8.6709364
30 28 8.7320621
31 28 8.7365912
32 28 8.7807769
33 28 8.7650281
34 28 8.7945555
35 28 8.7634955
36 28 8.7774637
37 28 8.7362424
38 28 8.7395086
39 28 8.6957505
40 28 8.6824667
41 28 8.6230998
42 28 8.6042917
43 28 8.5431564
44 28 8.5202118
45 28 8.4576529
26 29 8.233997
27 29 8.3559907
28 29 8.5032646
29 29 8.5709696
30 29 8.6420027
31 29 8.6656047
32 29 8.7155148
33 29 8.7180839
34 29 8.7521404
35 29 8.7390736
36 29 8.7570967
37 29 8.731473
38 29 8.7374597
39 29 8.7018913
40 29 8.6952044
41 29 8.6468655
42 29 8.6350233
43 29 8.5865256
44 29 8.5685699
45 29 8.5215633
46 29 8.4950801
47 29 8.4436018
48 29 8.4112501
49 29 8.3546695
50 29 8.320938
28 30 8.3959467
29 30 8.4737802
30 30 8.5830524
31 30 8.6103098
32 30 8.6793451
33 30 8.6862866
34 30 8.7359057
35 30 8.724266
36 30 8.7596335
37 30 8.7341534
38 30 8.755682
39 30 8.7227311
40 30 8.7298086
41 30 8.6890417
42 30 8.6918053
43 30 8.6483455
44 30 8.6427547
45 30 8.5924981
46 30 8.5822735
47 30 8.5300037
48 30 8.50738
49 30 8.4505825
50 30 8.4235457
51 30 8.3519262
52 30 8.3011175
30 31 8.4464313
31 31 8.5186449
32 31 8.5839267
33 31 8.6116317
34 31 8.6621601
35 31 8.6693631
36 31 8.707533
37 31 8.7012195
38 31 8.7245798
39 31 8.7092808
40 31 8.717605
41 31 8.6870893
42 31 8.693874
43 31 8.6631676
44 31 8.6607565
45 31 8.6245272
46 31 8.6133907
47 31 8.5771043
48 31 8.5560725
49 31 8.5084545
50 31 8.4833576
51 31 8.4210494
52 31 8.3725756
53 31 8.307525
54 31 8.2535687
31 32 8.4187167
32 32 8.5288243
33 32 8.5550584
34 32 8.6254383
35 32 8.6330884
36 32 8.6881371
37 32 8.680964
38 32 8.7217028
39 32 8.7033118
40 32 8.7317459
41 32 8.70505
42 32 8.7252011
43 32 8.6956096
44 32 8.7052364
45 32 8.6710293
46 32 8.6716636
47 32 8.6345089
48 32 8.6275707
49 32 8.5806587
50 32 8.5637567
51 32 8.5043462
52 32 8.4655244
53 32 8.4017689
54 32 8.35463
32 33 8.3962351
33 33 8.4684034
34 33 8.5305685
35 33 8.5577457
36 33 8.6118214
37 33 8.6215541
38 33 8.663935
39 33 8.6603786
40 33 8.6896099
41 33 8.680002
42 33 8.7008748
43 33 8.6828172
44 33 8.6959789
45 33 8.673876
46 33 8.6766172
47 33 8.6512824
48 33 8.6480571
49 33 8.6114153
50 33 8.599654
51 33 8.5479385
52 33 8.5109851
53 33 8.4567215
54 33 8.4138521
33 34 8.3695344
34 34 8.4770482
35 34 8.5037082
36 34 8.5760338
37 34 8.5860606
38 34 8.6444902
39 34 8.6415591
40 34 8.6877155
41 34 8.6789139
42 34 8.7114781
43 34 8.6946908
44 34 8.7178072
45 34 8.6955923
46 34 8.7108142
47 34 8.6859998
48 34 8.6931973
49 34 8.658556
50 34 8.6587935
51 34 8.6103045
52 34 8.5818224
53 34 8.529092
54 34 8.4950045
55 34 8.4352799
56 34 8.3957672
57 34 8.3348382
34 35 8.3449026
35 35 8.4147964
36 35 8.4814629
37 35 8.5113126
38 35 8.5680803
39 35 8.5835615
40 35 8.6276497
41 35 8.635883
42 35 8.6668073
43 35 8.6619594
44 35 8.6875956
45 35 8.6776541
46 35 8.6959465
47 35 8.6824953
48 35 8.6933852
49 35 8.6713294
50 35 8.6735926
51 35 8.6323659
52 35 8.6059105
53 35 8.5637479
54 35 8.5307802
55 35 8.4781865
56 35 8.4419242
57 35 8.3849123
58 35 8.3455986
35 36 8.327131
36 36 8.4293193
37 36 8.4601847
38 36 8.533039
39 36 8.5534399
40 36 8.6088077
41 36 8.616837
42 36 8.6612385
43 36 8.657113
44 36 8.6929301
45 36 8.6828206
46 36 8.7106754
47 36 8.6957295
48 36 8.7174473
49 36 8.6985633
50 36 8.7120295
51 36 8.675284
52 36 8.6568499
53 36 8.6148158
54 36 8.5912599
55 36 8.5417519
56 36 8.512675
57 36 8.4581085
58 36 8.4243318
59 36 8.3659963
60 36 8.3308721
61 36 8.2698645
36 37 8.3050821
37 37 8.3817123
38 37 8.4482762
39 37 8.4862161
40 37 8.5373396
41 37 8.5583512
42 37 8.6011401
43 37 8.611676
44 37 8.6455139
45 37 8.6474275
46 37 8.6752193
47 37 8.6762244
48 37 8.6974416
49 37 8.6969014
50 37 8.7109843
51 37 8.6811154
52 37 8.6641895
53 37 8.6315262
54 37 8.6075621
55 37 8.5694225
56 37 8.5409209
57 37 8.4927644
58 37 8.4601967
59 37 8.4088963
60 37 8.3761872
61 37 8.3307294
62 37 8.295301
63 37 8.2445085
64 37 8.2061753
65 37 8.1527443
37 38 8.2965116
38 38 8.3939294
39 38 8.4359188
40 38 8.5000971
41 38 8.5238558
42 38 8.5785966
43 38 8.5873545
44 38 8.635719
45 38 8.6384076
46 38 8.6775132
47 38 8.6757193
48 38 8.7084566
49 38 8.7052363
50 38 8.7325958
51 38 8.705923
52 38 8.6960043
53 38 8.6638759
54 38 8.648907
55 38 8.6127875
56 38 8.5938344
57 38 8.5490875
58 38 8.5212041
59 38 8.4718489
60 38 8.4457385
61 38 8.4025235
62 38 8.3722012
63 38 8.3247411
64 38 8.2912213
40 39 8.4167788
41 39 8.4542759
42 39 8.5059031
43 39 8.5292762
44 39 8.5736571
45 39 8.5877812
46 39 8.6281486
47 39 8.6384293
48 39 8.6748451
49 39 8.6825396
50 39 8.714011
51 39 8.6933778
52 39 8.6849421
53 39 8.6615894
54 39 8.6489054
55 39 8.6228068
56 39 8.6049644
57 39 8.5694269
58 39 8.5414616
59 39 8.4976162
60 39 8.4766938
61 39 8.4394151
62 39 8.4133305
63 39 8.3719172
64 39 8.3426336
41 40 8.3951519
42 40 8.4654666
43 40 8.4883997
44 40 8.5490301
45 40 8.5640394
46 40 8.6140523
47 40 8.6236545
48 40 8.6660339
49 40 8.6733865
50 40 8.7099699
51 40 8.6933149
52 40 8.6926783
53 40 8.6716207
54 40 8.6668016
55 40 8.6435924
56 40 8.6353283
57 40 8.6037182
58 40 8.5813984
59 40 8.539225
60 40 8.5221066
61 40 8.4858439
62 40 8.466294
63 40 8.4258337
64 40 8.4023159
65 40 8.358598
42 41 8.3789889
43 41 8.4179563
44 41 8.4737117
45 41 8.5022231
46 41 8.5517579
47 41 8.5724013
48 41 8.6168184
49 41 8.633377
50 41 8.6708983
51 41 8.6623731
52 41 8.6641849
53 41 8.6489014
54 41 8.6472133
55 41 8.6288868
56 41 8.6231384
57 41 8.5963016
58 41 8.5789859
59 41 8.5484683
60 41 8.5348355
61 41 8.5048675
62 41 8.488332
63 41 8.4533832
64 41 8.4316925
65 41 8.3932657
66 41 8.3670898
67 41 8.3256604
68 41 8.2971307
69 41 8.2552607
43 42 8.361332
44 42 8.4347175
45 42 8.4624243
46 42 8.5239087
47 42 8.5449851
48 42 8.5970285
49 42 8.6136286
50 42 8.6577312
51 42 8.6514095
52 42 8.6623341
53 42 8.6487212
54 42 8.653988
55 42 8.6350926
56 42 8.6351691
57 42 8.6077982
58 42 8.6046626
59 42 8.5729159
60 42 8.5683994
61 42 8.5382672
62 42 8.5279063
63 42 8.494863
64 42 8.4795202
65 42 8.442219
66 42 8.4221581
67 42 8.3814163
68 42 8.359293
69 42 8.3152932
44 43 8.3477449
45 43 8.3898338
46 43 8.4505758
47 43 8.48336
48 43 8.5366558
49 43 8.563544
50 43 8.6085782
51 43 8.6087373
52 43 8.6226911
53 43 8.6148673
54 43 8.6237254
55 43 8.6100047
56 43 8.6136105
57 43 8.5951184
58 43 8.5931366
59 43 8.5706514
60 43 8.5661045
61 43 8.541107
62 43 8.5346074
63 43 8.506557
64 43 8.4928979
65 43 8.4628172
66 43 8.4441796
67 43 8.4112603
68 43 8.3900906
69 43 8.3536217
70 43 8.3294652
71 43 8.2902599
45 44 8.340376
46 44 8.4097684
47 44 8.4429287
48 44 8.504774
49 44 8.5314627
50 44 8.583662
51 44 8.5874706
52 44 8.609413
53 44 8.6042799
54 44 8.620314
55 44 8.6087132
56 44 8.6193593
57 44 8.601366
58 44 8.6074275
59 44 8.5843656
60 44 8.5873998
61 44 8.5619016
62 44 8.5609406
63 44 8.5333676
64 44 8.5272267
65 44 8.496228
66 44 8.4863123
67 44 8.4529582
68 44 8.4392431
69 44 8.4026857
70 44 8.3853351
71 44 8.346814
72 44 8.326884
73 44 8.2855625
47 45 8.3734211
48 45 8.4348255
49 45 8.4724033
50 45 8.5253707
51 45 8.5346735
52 45 8.5598949
53 45 8.5608038
54 45 8.5801959
55 45 8.5751732
56 45 8.5882172
57 45 8.5769818
58 45 8.5841927
59 45 8.5689501
60 45 8.5727053
61 45 8.5539317
62 45 8.554104
63 45 8.5326657
64 45 8.5281404
65 45 8.5042551
66 45 8.4956267
67 45 8.4688666
68 45 8.4568165
69 45 8.4266221
70 45 8.4106538
71 45 8.3776123
72 45 8.3592766
73 45 8.3228539
74 45 8.3033953
76 45 8.2452397
46 46 8.2755695
47 46 8.3185637
48 46 8.3916832
49 46 8.4289807
50 46 8.4900207
51 46 8.5024303
52 46 8.5338999
53 46 8.5379332
54 46 8.5635652
55 46 8.5608644
56 46 8.5802887
57 46 8.5710173
58 46 8.5848485
59 46 8.5706509
60 46 8.5799934
61 46 8.5608946
62 46 8.5670241
63 46 8.5448825
64 46 8.547163
65 46 8.5217498
66 46 8.5207205
67 46 8.4925795
68 46 8.4880056
69 46 8.4577342
70 46 8.4492755
71 46 8.4169243
72 46 8.4052197
73 46 8.3689594
74 46 8.3570817
75 46 8.3208584
76 46 8.3059755
77 46 8.2700318
49 47 8.3602903
50 47 8.4232121
51 47 8.4416866
52 47 8.4747744
53 47 8.4849947
54 47 8.5125465
55 47 8.517165
56 47 8.537652
57 47 8.536185
58 47 8.5503708
59 47 8.5446397
60 47 8.5539012
61 47 8.5420262
62 47 8.5479155
63 47 8.5321089
64 47 8.5347878
65 47 8.5160807
66 47 8.516066
67 47 8.4937786
68 47 8.4905553
69 47 8.4659073
70 47 8.4594515
71 47 8.43389
72 47 8.4232126
73 47 8.3953281
74 47 8.3823306
75 47 8.3527591
76 47 8.3379707
77 47 8.3088958
78 47 8.2933151
49 48 8.3103013
50 48 8.3782953
51 48 8.3983734
52 48 8.4377375
53 48 8.4503657
54 48 8.4841322
55 48 8.4897547
56 48 8.5176232
57 48 8.5168532
58 48 8.5390492
59 48 8.5333524
60 48 8.5500196
61 48 8.5387646
62 48 8.5512755
63 48 8.5370801
64 48 8.5447306
65 48 8.5269874
66 48 8.5315135
67 48 8.5107252
68 48 8.5123511
69 48 8.488974
70 48 8.487835
71 48 8.4614381
72 48 8.458024
73 48 8.4309972
74 48 8.4242667
75 48 8.3953955
76 48 8.3870179
77 48 8.3576815
78 48 8.3467393
79 48 8.3168971
80 48 8.3032367
81 48 8.2695311
82 48 8.2525868
83 48 8.2061204
84 48 8.1691421
51 49 8.3297495
52 49 8.370426
53 49 8.3885719
54 49 8.4237199
55 49 8.435238
56 49 8.4647045
57 49 8.4701213
58 49 8.4940439
59 49 8.4952516
60 49 8.5131027
61 49 8.5089087
62 49 8.5222824
63 49 8.5146674
64 49 8.5229297
65 49 8.5119742
66 49 8.5165472
67 49 8.5016177
68 49 8.5038653
69 49 8.485667
70 49 8.4861387
71 49 8.4662575
72 49 8.4638767
73 49 8.4421079
74 49 8.4379362
75 49 8.4143243
76 49 8.4079365
77 49 8.3846067
78 49 8.3748212
79 49 8.3514361
80 49 8.338759
81 49 8.314176
82 49 8.2979544
83 49 8.2537162
50 50 8.251626
51 50 8.281103
52 50 8.3244313
54 50 8.3839114
55 50 8.397229
56 50 8.4320383
57 50 8.4394946
58 50 8.4690273
59 50 8.4705183
60 50 8.4960875
61 50 8.493131
62 50 8.5136189
63 50 8.5068117
64 50 8.5225671
65 50 8.5140702
66 50 8.5231166
67 50 8.509612
68 50 8.5165341
69 50 8.4994494
70 50 8.504488
71 50 8.4851964
72 50 8.4878968
73 50 8.4672313
74 50 8.4673997
75 50 8.4455285
76 50 8.4435227
77 50 8.4205482
78 50 8.4169749
79 50 8.3928161
80 50 8.386817
81 50 8.3625183
82 50 8.3548726
83 50 8.310089
84 50 8.2751719
85 50 8.2306877
54 51 8.3009923
55 51 8.3220124
56 51 8.3587344
57 51 8.3726666
58 51 8.4048161
59 51 8.4126821
60 51 8.4401203
61 51 8.443633
62 51 8.4652762
63 51 8.4625191
64 51 8.4809156
65 51 8.4758208
66 51 8.4878981
67 51 8.4789156
68 51 8.4879218
69 51 8.47563
70 51 8.4820574
71 51 8.4683222
72 51 8.4723196
73 51 8.4561517
74 51 8.4581612
75 51 8.4403136
76 51 8.439811
77 51 8.4207724
78 51 8.4180598
79 51 8.3973641
80 51 8.3925525
81 51 8.3723452
82 51 8.3647302
83 51 8.3259398
84 51 8.2919894
85 51 8.2522533
86 51 8.2184764
52 52 8.1573256
53 52 8.1868368
54 52 8.2367682
56 52 8.3037221
57 52 8.3193305
58 52 8.358116
59 52 8.3677635
60 52 8.4006527
61 52 8.4046366
62 52 8.4327885
63 52 8.4311504
64 52 8.4556435
65 52 8.4509203
66 52 8.469697
67 52 8.4620785
68 52 8.4769857
69 52 8.4668641
70 52 8.4781315
71 52 8.465537
72 52 8.4732705
73 52 8.4580361
74 52 8.4632397
75 52 8.446109
76 52 8.4487536
77 52 8.4304098
78 52 8.4303251
79 52 8.4112339
80 52 8.4084859
81 52 8.3890255
82 52 8.3836442
83 52 8.3457384
84 52 8.3194301
85 52 8.2802357
86 52 8.2525786
87 52 8.2117716
88 52 8.1833567
56 53 8.2200164
57 53 8.2440767
58 53 8.2829343
59 53 8.2998801
60 53 8.3337528
61 53 8.344779
62 53 8.3745651
63 53 8.3812858
64 53 8.4044307
65 53 8.4061203
66 53 8.4268924
67 53 8.4236745
68 53 8.4414111
69 53 8.4370139
70 53 8.4491896
71 53 8.4414807
72 53 8.4502911
73 53 8.4399379
74 53 8.445482
75 53 8.4328309
76 53 8.4359908
77 53 8.4211011
78 53 8.4222977
79 53 8.4064628
80 53 8.4050993
81 53 8.3890722
82 53 8.3847609
83 53 8.3513242
84 53 8.3260033
85 53 8.292445
86 53 8.26561
87 53 8.229474
88 53 8.2022562
89 53 8.1652517
54 54 8.0748886
55 54 8.1073071
56 54 8.1592808
58 54 8.2300646
59 54 8.2479277
60 54 8.2892054
61 54 8.3009704
62 54 8.3368365
63 54 8.3442976
64 54 8.3749819
65 54 8.378442
66 54 8.4040322
67 54 8.4038326
68 54 8.4246644
69 54 8.4209239
70 54 8.4376138
71 54 8.430939
72 54 8.4435375
73 54 8.4341066
74 54 8.4433008
75 54 8.4313904
76 54 8.4377314
77 54 8.4237367
78 54 8.4276229
79 54 8.4126477
80 54 8.4136994
81 54 8.3984783
82 54 8.3961889
83 54 8.3642865
84 54 8.3446913
85 54 8.3115904
86 54 8.2908875
87 54 8.2553647
88 54 8.2331695
89 54 8.1968855
90 54 8.1728845
91 54 8.1350877
92 54 8.1104154
58 55 8.148623
59 55 8.1735711
62 55 8.2718652
63 55 8.2864053
64 55 8.3173347
65 55 8.3284811
66 55 8.3529152
67 55 8.3591515
68 55 8.3803796
69 55 8.3835114
70 55 8.3998033
71 55 8.3992673
72 55 8.4115617
73 55 8.4064953
74 55 8.4160465
75 55 8.4087848
76 55 8.4150317
77 55 8.4055878
78 55 8.4099786
79 55 8.398647
80 55 8.4013393
81 55 8.3897723
82 55 8.3889581
83 55 8.3601437
84 55 8.3423397
85 55 8.3143227
86 55 8.2943554
87 55 8.2648777
88 55 8.2436707
89 55 8.2118894
90 55 8.1887342
91 55 8.1554365
92 55 8.131801
93 55 8.0975469
58 56 8.0896865
61 56 8.1879546
63 56 8.2459287
64 56 8.2802949
65 56 8.2939083
66 56 8.3237567
67 56 8.3302086
68 56 8.3558209
69 56 8.3581784
70 56 8.3797187
71 56 8.378456
72 56 8.3959878
73 56 8.3910811
74 56 8.405513
75 56 8.3985511
76 56 8.4093747
77 56 8.4002059
78 56 8.4081731
79 56 8.3975345
80 56 8.4027566
81 56 8.3918288
82 56 8.3934222
83 56 8.3670194
84 56 8.35315
85 56 8.3260774
86 56 8.3109718
87 56 8.2819878
88 56 8.2654549
89 56 8.2347991
90 56 8.2155293
91 56 8.1832405
92 56 8.1641118
93 56 8.1318495
94 56 8.1118405
67 57 8.2782926
68 57 8.3046438
69 57 8.3124268
70 57 8.3335412
71 57 8.3371904
72 57 8.3560449
73 57 8.3561919
74 57 8.3703676
75 57 8.3677559
76 57 8.3788415
77 57 8.3744888
78 57 8.3827972
79 57 8.3760512
80 57 8.3818807
81 57 8.3750835
82 57 8.3779987
83 57 8.3550201
84 57 8.343205
85 57 8.3208263
86 57 8.3061271
87 57 8.2814283
88 57 8.2660873
89 57 8.2399988
90 57 8.2215536
91 57 8.1937165
92 57 8.1761915
93 57 8.1494339
94 57 8.1290436
68 58 8.2732581
69 58 8.2807922
70 58 8.3069259
71 58 8.3109411
72 58 8.3332164
73 58 8.3333969
74 58 8.3523223
75 58 8.3498301
76 58 8.3657716
77 58 8.3619861
78 58 8.3737624
79 58 8.3672497
80 58 8.3770408
81 58 8.3704664
82 58 8.3763045
83 58 8.3553956
84 58 8.34707
85 58 8.3246765
86 58 8.3147612
87 58 8.2898762
88 58 8.2785081
89 58 8.2525274
90 58 8.2403876
91 58 8.2142294
92 58 8.201123
93 58 8.1762779
69 59 8.2289141
70 59 8.2543808
71 59 8.2637565
72 59 8.2861439
73 59 8.2915377
74 59 8.3102588
75 59 8.3128817
76 59 8.3289284
77 59 8.3300089
78 59 8.3417074
79 59 8.3392195
80 59 8.3495208
81 59 8.3465163
82 59 8.3539852
83 59 8.3363032
84 59 8.329428
85 59 8.3115411
86 59 8.3021285
87 59 8.280325
88 59 8.27054
89 59 8.2495409
90 59 8.238304
91 59 8.2189316
92 59 8.2078824
93 59 8.1871049
94 59 8.1720371
95 59 8.1472994
96 59 8.1310398
97 59 8.1052337
98 59 8.085817
70 60 8.2225136
71 60 8.2303045
72 60 8.2568104
73 60 8.262232
74 60 8.2855391
75 60 8.2881536
76 60 8.3085127
77 60 8.3095892
78 60 8.3254946
79 60 8.3236642
80 60 8.337864
81 60 8.3355074
82 60 8.346031
83 60 8.3304893
84 60 8.3269237
85 60 8.3091883
86 60 8.3040927
87 60 8.2836036
88 60 8.2771778
89 60 8.2554437
90 60 8.2495789
91 60 8.2302741
92 60 8.2240078
93 60 8.2045832
94 60 8.1923491
95 60 8.170305
96 60 8.1563265
97 60 8.1321671
98 60 8.1149529
99 60 8.0888224
100 60 8.0699662
72 61 8.2042841
73 61 8.2134131
74 61 8.2367933
75 61 8.2437207
76 61 8.2636516
77 61 8.2683558
78 61 8.2855473
79 61 8.2890958
80 61 8.3039405
81 61 8.3066587
82 61 8.3177341
83 61 8.3052969
84 61 8.3026583
85 61 8.288655
86 61 8.2843712
87 61 8.2682283
88 61 8.2615277
89 61 8.2438125
90 61 8.2412723
91 61 8.2261293
92 61 8.2211536
93 61 8.204717
94 61 8.1952977
95 61 8.1767263
96 61 8.1641458
97 61 8.1433622
98 61 8.1268601
99 61 8.1036398
100 61 8.0859977
73 62 8.177627
74 62 8.2059165
75 62 8.2135527
76 62 8.2379286
77 62 8.2430786
78 62 8.2638211
79 62 8.265846
80 62 8.2859407
81 62 8.2881825
82 62 8.30368
83 62 8.2930139
84 62 8.2938581
85 62 8.2805734
86 62 8.2796326
87 62 8.2634683
88 62 8.2616235
89 62 8.2439735
90 62 8.2440645
91 62 8.2285373
92 62 8.2268379
93 62 8.2112258
94 62 8.2050054
95 62 8.1870642
96 62 8.1773075
97 62 8.1574963
98 62 8.1446159
99 62 8.1220418
100 62 8.1075745
101 62 8.0841653
102 62 8.0677803
74 63 8.1505738
75 63 8.1616211
76 63 8.1872187
77 63 8.197733
78 63 8.2176853
79 63 8.226396
80 63 8.2458177
81 63 8.2541744
82 63 8.2692744
83 63 8.2619327
84 63 8.2635409
85 63 8.2538155
86 63 8.253556
87 63 8.2413481
88 63 8.2392998
89 63 8.2265854
90 63 8.2287011
91 63 8.2171006
92 63 8.216676
93 63 8.2046192
94 63 8.1997975
95 63 8.185132
96 63 8.1766987
97 63 8.160103
98 63 8.148981
99 63 8.1295593
100 63 8.1160172
101 63 8.0953686
102 63 8.0800529
76 64 8.1549757
77 64 8.164609
78 64 8.1902569
79 64 8.1983188
80 64 8.2219382
81 64 8.2289485
82 64 8.2495072
83 64 8.2433366
84 64 8.2483398
85 64 8.2394856
86 64 8.2426103
87 64 8.2310446
88 64 8.2334042
89 64 8.2204209
90 64 8.2247996
91 64 8.2132541
92 64 8.2153253
93 64 8.2035072
94 64 8.2018229
95 64 8.1876177
96 64 8.1830171
97 64 8.1671934
98 64 8.1590373
99 64 8.140756
100 64 8.1299978
101 64 8.1104428
102 64 8.097226
103 64 8.0755428
75 65 8.0686732
76 65 8.0974761
77 65 8.111508
78 65 8.1382176
79 65 8.1512877
80 65 8.1785397
81 65 8.1871474
82 65 8.206625
83 65 8.2043207
84 65 8.2098153
85 65 8.2063396
86 65 8.2088743
87 65 8.2020072
88 65 8.2050504
89 65 8.1966697
90 65 8.2029173
91 65 8.1946415
92 65 8.1981416
93 65 8.1891556
94 65 8.1888025
95 65 8.1774676
96 65 8.1744809
97 65 8.1640773
98 65 8.1556322
99 65 8.1399304
100 65 8.1303259
101 65 8.113223
102 65 8.101441
103 65 8.082798
77 66 8.0750527
78 66 8.1055902
79 66 8.1168884
80 66 8.1461128
81 66 8.156768
82 66 8.180943
83 66 8.1790972
84 66 8.1891495
85 66 8.1846789
86 66 8.1929171
87 66 8.1857514
88 66 8.1931305
89 66 8.184357
90 66 8.1924366
91 66 8.1846287
92 66 8.1901298
93 66 8.1815842
94 66 8.1840526
95 66 8.1733093
96 66 8.1734555
97 66 8.161784
98 66 8.1587129
99 66 8.1439083
100 66 8.1372793
101 66 8.1208782
102 66 8.1125293
103 66 8.0947566
77 67 8.0170977
78 67 8.0485792
79 67 8.0632426
80 67 8.0940381
81 67 8.1089797
82 67 8.133255
83 67 8.1348423
84 67 8.1455267
85 67 8.1449193
86 67 8.1536372
87 67 8.1506825
88 67 8.1592055
89 67 8.155428
90 67 8.1631373
91 67 8.1584709
92 67 8.1651066
93 67 8.1586004
94 67 8.1631134
95 67 8.1554126
96 67 8.156967
97 67 8.1479234
98 67 8.1469591
99 67 8.1354933
100 67 8.1303732
101 67 8.1168061
102 67 8.1090622
103 67 8.0937902
104 67 8.0836021
78 68 8.0105127
79 68 8.026476
80 68 8.0596924
81 68 8.0749558
82 68 8.1021962
83 68 8.1048723
84 68 8.1193485
85 68 8.1188154
86 68 8.1323919
87 68 8.1294444
88 68 8.1419084
89 68 8.1363757
90 68 8.147927
91 68 8.1427742
92 68 8.1517217
93 68 8.1458628
94 68 8.1523959
95 68 8.1447403
96 68 8.1490191
97 68 8.1399348
98 68 8.1419479
99 68 8.1317352
100 68 8.1295897
101 68 8.1170078
102 68 8.1119529
103 68 8.0977404
104 68 8.0904052
78 69 7.9488178
79 69 7.9685011
82 69 8.0500576
83 69 8.0564387
84 69 8.0712571
85 69 8.074209
86 69 8.088376
87 69 8.0896032
88 69 8.1014285
89 69 8.1011994
90 69 8.1127549
91 69 8.1108124
92 69 8.1204906
93 69 8.1175868
94 69 8.1249774
95 69 8.1196534
96 69 8.1255489
97 69 8.1189357
98 69 8.1225826
99 69 8.1149516
100 69 8.1144702
101 69 8.1055144
102 69 8.1018931
103 69 8.0910367
104 69 8.0844633
105 69 8.0706432
106 69 8.0617673
107 69 8.0451214
81 70 7.9837556
82 70 8.0154371
84 70 8.0399402
85 70 8.0438234
86 70 8.0617107
87 70 8.0627551
88 70 8.0791999
89 70 8.0780428
90 70 8.0925614
91 70 8.0903861
92 70 8.1025333
93 70 8.0991069
94 70 8.1094149
95 70 8.1048399
96 70 8.1124591
97 70 8.106202
98 70 8.111887
99 70 8.1045206
100 70 8.1066101
101 70 8.0978826
102 70 8.0974295
103 70 8.0874276
104 70 8.0838481
105 70 8.0709253
106 70 8.0640853
107 70 8.0499741
108 70 8.0427386
82 71 7.9590882
84 71 7.9874369
85 71 7.9953752
86 71 8.0133128
87 71 8.0185685
88 71 8.0346009
89 71 8.0383387
90 71 8.0527821
91 71 8.0545596
92 71 8.0666848
93 71 8.0658043
94 71 8.076746
95 71 8.0741756
96 71 8.0831722
97 71 8.0804026
98 71 8.0863233
99 71 8.0816686
100 71 8.0846621
101 71 8.0782334
102 71 8.0790312
103 71 8.071454
104 71 8.0691412
105 71 8.0590209
106 71 8.0534495
107 71 8.0420554
108 71 8.0350744
109 71 8.0220394
110 71 8.0119301
112 71 7.9848125
84 72 7.9526676
86 72 7.9812764
87 72 7.986561
88 72 8.0063791
89 72 8.0091245
90 72 8.0271171
91 72 8.0280072
92 72 8.0438142
93 72 8.0428728
94 72 8.0564386
95 72 8.054185
96 72 8.0655536
97 72 8.0617791
98 72 8.0708762
99 72 8.0660687
100 72 8.0717439
101 72 8.0660164
102 72 8.0685341
103 72 8.0607625
104 72 8.0613604
105 72 8.0518365
106 72 8.0494438
107 72 8.0385474
108 72 8.0349319
109 72 8.022003
110 72 8.0148381
111 72 8.0000315
112 72 7.9907228
113 72 7.9739711
114 72 7.9643032
84 73 7.8960608
86 73 7.9287258
87 73 7.9382704
88 73 7.95745
89 73 7.9643432
90 73 7.9818905
91 73 7.9869978
92 73 8.0030547
93 73 8.0049714
94 73 8.0188614
95 73 8.0194287
96 73 8.0309577
97 73 8.0302965
98 73 8.0397914
99 73 8.0377056
100 73 8.044065
101 73 8.0404528
102 73 8.0444456
103 73 8.0386706
104 73 8.0408289
106 73 8.0335869
107 73 8.0258864
108 73 8.023405
109 73 8.0126332
110 73 8.00674
111 73 7.9937535
112 73 7.9863615
113 73 7.9718357
114 73 7.9632123
86 74 7.8927893
88 74 7.9238214
89 74 7.9303043
90 74 7.9514515
91 74 7.9559704
92 74 7.9748951
93 74 7.9767045
94 74 7.9939327
95 74 7.9945381
96 74 8.0089482
97 74 8.0081158
98 74 8.0201757
99 74 8.0183337
100 74 8.0272572
101 74 8.024113
102 74 8.0301131
103 74 8.0250359
104 74 8.0292584
105 74 8.0232821
106 74 8.0254434
107 74 8.0179494
108 74 8.0183096
109 74 8.0083234
110 74 8.0050777
111 74 7.9929083
112 74 7.9886026
113 74 7.9751168
114 74 7.9690532
116 74 7.9475031
117 74 7.9314359
86 75 7.8363292
88 75 7.8708655
89 75 7.8810523
90 75 7.9015201
91 75 7.9096392
93 75 7.9351208
94 75 7.9513963
95 75 7.955012
96 75 7.9694131
97 75 7.971846
98 75 7.9839068
99 75 7.9850944
100 75 7.9948168
101 75 7.9939707
102 75 8.0012229
103 75 7.9981576
104 75 8.0037666
105 75 7.9999922
106 75 8.0041434
107 75 7.9986264
108 75 8.0010101
109 75 7.9927517
110 75 7.9910101
111 75 7.9812713
112 75 7.9779519
113 75 7.9667481
114 75 7.9618105
115 75 7.9497759
116 75 7.9439588
117 75 7.9302389
118 75 7.9239378
88 76 7.833308
90 76 7.8663371
91 76 7.8739557
92 76 7.8959408
93 76 7.9012862
94 76 7.9211258
95 76 7.9241769
96 76 7.9421626
97 76 7.9440341
98 76 7.9594618
99 76 7.9607294
100 76 7.9728681
101 76 7.9724371
102 76 7.9819128
103 76 7.9794844
104 76 7.9874171
105 76 7.9834263
106 76 7.9897287
107 76 7.9850087
108 76 7.9886778
109 76 7.9813047
110 76 7.9828324
111 76 7.9737814
112 76 7.9738656
113 76 7.9630029
114 76 7.9621047
115 76 7.9505687
116 76 7.948526
117 76 7.9362716
118 76 7.9320232
119 76 7.9177449
120 76 7.9122301
90 77 7.8128254
91 77 7.8238509
92 77 7.8455944
94 77 7.8734895
95 77 7.8802637
96 77 7.898068
97 77 7.9020377
98 77 7.9179112
99 77 7.9215522
100 77 7.9346328
101 77 7.936563
102 77 7.9475248
103 77 7.9476337
104 77 7.9565242
105 77 7.9548948
106 77 7.9618176
107 77 7.9591992
108 77 7.9637226
109 77 7.9580473
110 77 7.9606692
111 77 7.9548512
112 77 7.9560214
113 77 7.9477017
114 77 7.9481144
115 77 7.9389999
116 77 7.9381346
117 77 7.9284885
118 77 7.924916
119 77 7.9141487
120 77 7.9090003
122 77 7.8912066
90 78 7.7736217
92 78 7.8082365
93 78 7.8166017
94 78 7.839246
95 78 7.8453856
96 78 7.8661143
97 78 7.8695216
98 78 7.8889934
99 78 7.8924896
100 78 7.908253
101 78 7.9106759
102 78 7.9235781
103 78 7.9241271
104 78 7.9347541
105 78 7.9333406
106 78 7.9425649
107 78 7.9397779
108 78 7.9468094
109 78 7.9411699
110 78 7.9479027
111 78 7.9414045
112 78 7.9464941
113 78 7.9387279
114 78 7.9424923
115 78 7.9337875
116 78 7.935942
117 78 7.926553
118 78 7.9265297
119 78 7.9159714
120 78 7.9141512
121 78 7.9023011
122 78 7.8991986
123 78 7.8858337
124 78 7.8815609
92 79 7.7541069
93 79 7.7661587
94 79 7.7882348
96 79 7.8175939
97 79 7.8253837
98 79 7.8438623
99 79 7.8493946
100 79 7.8656374
101 79 7.8703194
102 79 7.8838359
103 79 7.8872442
104 79 7.8985644
105 79 7.9001947
106 79 7.909441
107 79 7.9095409
108 79 7.9174323
109 79 7.9147537
110 79 7.9219876
111 79 7.9188345
112 79 7.9246819
113 79 7.9201033
114 79 7.9241648
115 79 7.9187744
116 79 7.9213778
117 79 7.9148553
118 79 7.9156548
119 79 7.9085675
120 79 7.9069379
121 79 7.8984915
122 79 7.8951752
123 79 7.88591
124 79 7.880865
92 80 7.7136064
94 80 7.7497851
95 80 7.7592134
96 80 7.782664
97 80 7.7898947
98 80 7.8113607
99 80 7.8162631
100 80 7.8361111
101 80 7.8396792
102 80 7.8569726
103 80 7.8593885
104 80 7.8743454
105 80 7.8745391
106 80 7.8882605
107 80 7.8869905
108 80 7.899034
109 80 7.8969192
110 80 7.9070174
111 80 7.9038002
112 80 7.9120666
113 80 7.907973
114 80 7.9145974
115 80 7.909398
116 80 7.91437
117 80 7.9086402
118 80 7.9115532
119 80 7.9052794
120 80 7.9058956
121 80 7.8975607
122 80 7.8968505
123 80 7.8874828
124 80 7.8855455
125 80 7.8747325
126 80 7.8691723
127 80 7.8486112
128 80 7.8341914
95 81 7.7079383
96 81 7.7321655
98 81 7.7634942
99 81 7.771431
100 81 7.7919183
101 81 7.7963571
102 81 7.8156741
103 81 7.8186727
104 81 7.8355756
105 81 7.8375161
106 81 7.852465
107 81 7.8530537
108 81 7.8662704
109 81 7.8660345
110 81 7.8771445
111 81 7.8760167
112 81 7.8853445
113 81 7.8835211
114 81 7.8907293
115 81 7.88829
116 81 7.8935725
117 81 7.8903011
118 81 7.8938773
119 81 7.8897037
120 81 7.8912717
121 81 7.8862206
122 81 7.886053
123 81 7.8800238
124 81 7.8783946
125 81 7.8717219
126 81 7.8667979
127 81 7.8471835
128 81 7.8333979
129 81 7.813589
130 81 7.7997915
132 81 7.7654311
96 82 7.6908359
97 82 7.701463
98 82 7.7256993
99 82 7.7340704
100 82 7.7563296
101 82 7.762179
102 82 7.7827264
103 82 7.786933
104 82 7.805342
105 82 7.808401
106 82 7.8248211
107 82 7.8262999
108 82 7.8411294
109 82 7.8416782
110 82 7.8546482
111 82 7.8540994
112 82 7.8654181
113 82 7.8640647
114 82 7.8733374
115 82 7.8712822
116 82 7.8789695
117 82 7.8757366
118 82 7.8818101
119 82 7.8778782
120 82 7.8821505
121 82 7.877397
122 82 7.8799326
123 82 7.8743313
124 82 7.875362
125 82 7.8698664
126 82 7.867453
127 82 7.8486488
128 82 7.8359656
129 82 7.8170079
130 82 7.8043203
131 82 7.7851732
132 82 7.7723955
133 82 7.7527381
103 83 7.7391175
104 83 7.7582083
105 83 7.7641904
106 83 7.7809999
107 83 7.7853239
108 83 7.8006613
109 83 7.8036084
110 83 7.8171718
111 83 7.8191955
112 83 7.8307579
113 83 7.8319009
114 83 7.8416348
115 83 7.8412123
116 83 7.8495232
117 83 7.8484969
118 83 7.8548713
119 83 7.8525857
120 83 7.8574762
121 83 7.8542157
122 83 7.8573218
123 83 7.8533249
124 83 7.8545053
125 83 7.8498534
126 83 7.8479869
127 83 7.8325424
128 83 7.8197745
129 83 7.803314
130 83 7.7910217
131 83 7.7734955
132 83 7.7617177
133 83 7.7434996
134 83 7.7318491
135 83 7.712828
102 84 7.6959488
103 84 7.7047889
104 84 7.7246544
105 84 7.7311321
106 84 7.7494526
107 84 7.7537871
108 84 7.7710542
109 84 7.773951
110 84 7.7892947
111 84 7.7913155
112 84 7.8047445
113 84 7.8057136
114 84 7.8175611
115 84 7.8176582
116 84 7.8274407
117 84 7.8265619
118 84 7.8348053
119 84 7.8328632
120 84 7.8390823
121 84 7.8362168
122 84 7.8405973
123 84 7.8366734
124 84 7.8393568
125 84 7.8351882
126 84 7.8343462
127 84 7.8187842
128 84 7.8102438
129 84 7.794024
130 84 7.7851163
131 84 7.7681768
132 84 7.7588205
133 84 7.7413614
134 84 7.73153
135 84 7.713334
136 84 7.7032244
137 84 7.6844814
138 84 7.6740054
106 85 7.7029233
107 85 7.7097283
108 85 7.7271099
109 85 7.7322304
110 85 7.7480914
111 85 7.7520001
112 85 7.7660174
113 85 7.7693446
114 85 7.7814883
115 85 7.7837601
116 85 7.7941536
117 85 7.7945637
118 85 7.8036487
119 85 7.8035522
120 85 7.8102694
121 85 7.8088904
122 85 7.8139653
123 85 7.8115604
124 85 7.8147835
125 85 7.8116638
126 85 7.8113545
127 85 7.79834
128 85 7.7900036
129 85 7.7763632
130 85 7.7678627
131 85 7.7530024
132 85 7.7446172
133 85 7.7291175
134 85 7.720197
135 85 7.7037033
136 85 7.6944754
137 85 7.6773878
138 85 7.6680557
139 85 7.6507354
107 86 7.675853
108 86 7.6949961
109 86 7.7003841
110 86 7.717966
111 86 7.722119
112 86 7.7377245
113 86 7.7410568
114 86 7.7549111
115 86 7.7570174
116 86 7.7693018
117 86 7.7703437
118 86 7.7805743
119 86 7.7807226
120 86 7.7890417
121 86 7.7879987
122 86 7.7942678
123 86 7.7921755
124 86 7.7966653
125 86 7.7939412
126 86 7.7947963
127 86 7.7821824
128 86 7.7771023
129 86 7.7638164
130 86 7.7586553
131 86 7.7444037
132 86 7.7387527
133 86 7.7237784
134 86 7.7172552
135 86 7.7013941
136 86 7.6944991
137 86 7.678172
138 86 7.6707514
139 86 7.6543581
140 86 7.6464108
141 86 7.6300508
142 86 7.6216457
143 86 7.6056227
110 87 7.673764
111 87 7.6791873
112 87 7.6952599
113 87 7.7003292
114 87 7.7148367
115 87 7.7190125
116 87 7.7317092
117 87 7.7346931
118 87 7.745687
119 87 7.7469621
120 87 7.7562689
121 87 7.7568985
122 87 7.7637485
123 87 7.7631243
124 87 7.7683613
125 87 7.7668455
126 87 7.7684543
127 87 7.7577393
128 87 7.7532607
129 87 7.7424513
130 87 7.737775
131 87 7.7267143
132 87 7.7211759
133 87 7.709743
134 87 7.7032572
135 87 7.6909474
136 87 7.6836655
137 87 7.670368
138 87 7.6629412
139 87 7.6483768
140 87 7.6407162
141 87 7.6263689
142 87 7.618338
143 87 7.6037052
144 87 7.5945009
145 87 7.5793481
146 87 7.5692398
113 88 7.6694108
114 88 7.6855684
115 88 7.6898015
116 88 7.7041238
117 88 7.7071698
118 88 7.7198028
119 88 7.7217503
120 88 7.7320177
121 88 7.7330177
122 88 7.7413687
123 88 7.7410887
124 88 7.7475078
125 88 7.7464726
126 88 7.7491719
127 88 7.7393249
128 88 7.7373458
129 88 7.7269122
130 88 7.7250241
131 88 7.714056
132 88 7.7116879
133 88 7.7011352
134 88 7.6966931
135 88 7.6853101
136 88 7.6799236
137 88 7.6675866
138 88 7.6619636
139 88 7.6483048
140 88 7.6424289
141 88 7.6284862
142 88 7.6219144
143 88 7.6078418
144 88 7.6000099
145 88 7.5855644
146 88 7.5765439
116 89 7.6628519
117 89 7.6678538
118 89 7.6811001
119 89 7.6848289
120 89 7.6958455
121 89 7.6980182
122 89 7.707468
123 89 7.7084479
124 89 7.7155908
125 89 7.7158874
126 89 7.7194137
127 89 7.7112319
128 89 7.7103448
129 89 7.702145
130 89 7.7005489
131 89 7.6923515
132 89 7.6905039
133 89 7.6828015
134 89 7.6791479
135 89 7.6701438
136 89 7.6656906
137 89 7.6556628
138 89 7.6507084
139 89 7.6391973
140 89 7.6332446
141 89 7.6214604
142 89 7.6150768
143 89 7.6024245
144 89 7.5951939
145 89 7.5821297
146 89 7.5735051
147 89 7.5592423
118 90 7.6525716
120 90 7.6690764
121 90 7.6718506
122 90 7.6820628
123 90 7.683847
124 90 7.6923173
125 90 7.6930266
126 90 7.6976617
127 90 7.6905945
128 90 7.6916026
129 90 7.6837655
130 90 7.6844964
131 90 7.676064
132 90 7.6766592
133 90 7.6686426
134 90 7.6677162
135 90 7.6592229
136 90 7.6571195
137 90 7.6474591
138 90 7.6450807
139 90 7.634651
140 90 7.6309974
141 90 7.6201188
142 90 7.6150338
143 90 7.6028937
144 90 7.5968557
145 90 7.5843862
146 90 7.5769688
147 90 7.5634433
120 91 7.6293948
121 91 7.6336289
122 91 7.6448027
123 91 7.6477037
124 91 7.6573733
125 91 7.6592006
126 91 7.6646438
127 91 7.6591935
128 91 7.6613783
129 91 7.6555364
130 91 7.6569809
131 91 7.6512373
132 91 7.6518957
133 91 7.6469612
134 91 7.6466504
135 91 7.6411093
136 91 7.6394945
137 91 7.6322076
138 91 7.6298752
139 91 7.6218958
140 91 7.6184267
141 91 7.6095072
142 91 7.6048675
143 91 7.5946837
144 91 7.5884139
145 91 7.5775573
146 91 7.5703847
147 91 7.5583449
123 92 7.6207821
124 92 7.6313072
126 92 7.6407191
127 92 7.6362867
129 92 7.6346849
130 92 7.6377651
131 92 7.6317611
132 92 7.6350742
133 92 7.6297717
134 92 7.6319166
135 92 7.6262918
136 92 7.6274763
137 92 7.6207218
138 92 7.6209227
139 92 7.6133879
140 92 7.6118984
141 92 7.6039574
142 92 7.600716
143 92 7.5909151
144 92 7.5864854
145 92 7.5761026
146 92 7.5701262
147 92 7.5585624
148 92 7.5517705
126 93 7.6046732
127 93 7.6020758
129 93 7.6027013
130 93 7.6075654
131 93 7.6035032
132 93 7.6074231
133 93 7.6041714
134 93 7.6072771
136 93 7.6059921
137 93 7.6017751
138 93 7.6021321
140 93 7.5961816
141 93 7.5896382
142 93 7.5870571
143 93 7.5792148
144 93 7.5749895
145 93 7.566222
146 93 7.560568
147 93 7.5501743
148 93 7.5440426
149 93 7.5334042
134 94 7.5904039
135 94 7.5868834
136 94 7.5910016
137 94 7.5871224
138 94 7.5889839
139 94 7.5837968
140 94 7.5846061
141 94 7.5788799
142 94 7.5779192
143 94 7.5707599
144 94 7.5683611
145 94 7.5603187
146 94 7.5560433
147 94 7.5464395
148 94 7.5413284
149 94 7.5310087
150 94 7.5248154
151 94 7.5132822
152 94 7.5065401
134 95 7.5625697
140 95 7.5651582
143 95 7.5555853
144 95 7.5536891
145 95 7.5470136
146 95 7.5432795
147 95 7.5349917
148 95 7.5301742
149 95 7.5213095
150 95 7.5153043
137 96 7.546002
138 96 7.5506868
140 96 7.550309
141 96 7.5466241
142 96 7.5479966
143 96 7.5430659
144 96 7.5428617
145 96 7.5368488
146 96 7.534504
147 96 7.5269261
148 96 7.5239527
149 96 7.5157677
150 96 7.5114716
151 96 7.5019318
152 96 7.4967291
153 96 7.485551
154 96 7.4789385
155 96 7.4667233
146 97 7.5175021
147 97 7.5114759
148 97 7.5092714
149 97 7.5028035
150 97 7.4989408
151 97 7.4905975
152 97 7.486041
153 97 7.4759594
154 97 7.4692637
139 98 7.5033507
142 98 7.51024
144 98 7.5090991
146 98 7.5051373
147 98 7.4996644
148 98 7.499122
149 98 7.4932638
150 98 7.491044
151 98 7.4833954
152 98 7.4799567
153 98 7.4705014
154 98 7.4653474
155 98 7.4548297
156 98 7.4492259
147 99 7.4807849
148 99 7.4801005
152 99 7.4658842
153 99 7.4572428
154 99 7.4528879
155 99 7.4435759
156 99 7.4378216
146 100 7.4679608
148 100 7.4659451
149 100 7.4618649
150 100 7.4620905
151 100 7.4570013
152 100 7.4560351
153 100 7.4484712
154 100 7.4447936
155 100 7.435886
156 100 7.4317888
157 100 7.4221942
148 101 7.4440169
149 101 7.4416533
150 101 7.4419005
151 101 7.4384444
154 101 7.4287333
156 101 7.4175845
157 101 7.4096615
150 102 7.4257992
151 102 7.4224719
152 102 7.4235909
153 102 7.4179403
154 102 7.4165429
155 102 7.4096587
157 102 7.3999714
150 103 7.402918
151 103 7.4011306
152 103 7.4025767
153 103 7.3981605
152 104 7.3854349
153 104 7.3817053
154 104 7.3825257
157 104 7.3713858
152 105 7.3619767
153 105 7.3594803
154 105 7.3603626
154 106 7.3425632
155 106 7.339771
156 106 7.3411736
154 107 7.3173313
155 107 7.3157331
156 108 7.2983762
157 108 7.2962474
158 108 7.2982611
157 109 7.2707598
159 110 7.2501551
160 110 7.2537634
